语文 7 9 1 8 1
数学 9 11 1 8 1
英语 12 16 2 8 1
历史 34 36 100 8 1
政治 38 39 7 8 1
生物 39 40 9 8 1
地理 57 62 1 8 1
化学 80 82 4 8 1
物理 83 84 4 8 1
计网 105 108 5 8 1
形式语言 110 114 9 8 1
计组 128 130 7 8 1
毛概 135 140 9 8 1

语文 175 177 1 8 1
数学 177 179 1 8 1
英语 180 184 2 8 1
历史 202 204 100 8 1
政治 206 207 7 8 1
生物 207 208 9 8 1
地理 225 230 1 8 1
化学 248 250 4 8 1
物理 251 252 4 8 1
计网 273 276 5 8 1
形式语言 278 282 9 8 1
计组 296 298 7 8 1
毛概 303 308 9 8 1

语文 343 345 1 8 1
数学 345 347 1 8 1
英语 348 352 2 8 1
历史 370 372 100 8 1
政治 374 375 7 8 1
生物 375 376 9 8 1
地理 393 398 1 8 1
化学 416 418 4 8 1
物理 419 420 4 8 1
计网 441 444 5 8 1
形式语言 446 450 9 8 1
计组 464 466 7 8 1
毛概 471 476 9 8 1

语文 511 513 1 8 1
数学 513 515 1 8 1
英语 516 520 1 8 1
历史 538 540 100 8 1
政治 542 543 7 8 1
生物 543 544 9 8 1
地理 561 566 1 8 1
化学 584 586 4 8 1
物理 587 588 4 8 1
计网 609 612 5 8 1
形式语言 614 618 9 8 1
计组 632 634 7 8 1
毛概 639 644 9 8 1

语文 679 681 1 8 1
数学 681 683 1 8 1
英语 684 688 2 8 1
历史 706 708 100 8 1
政治 710 711 7 8 1
生物 711 712 9 8 1
地理 729 734 1 8 1
化学 752 754 4 8 1
物理 755 756 4 8 1
计网 777 780 5 8 1
形式语言 782 786 9 8 1
计组 800 802 7 8 1
毛概 807 812 9 8 1

语文 847 849 1 8 1
数学 849 851 1 8 1
英语 852 856 2 8 1
历史 874 876 100 8 1
政治 878 879 7 8 1
生物 879 880 9 8 1
地理 897 902 1 8 1
化学 920 922 4 8 1
物理 923 924 4 8 1
计网 945 948 5 8 1
形式语言 950 954 9 8 1
计组 968 970 7 8 1
毛概 975 980 9 8 1

语文 1015 1017 1 8 1
数学 1017 1019 1 8 1
英语 1020 1024 2 8 1
历史 1042 1048 100 8 1
政治 1050 1051 7 8 1
生物 1051 1052 9 8 1
地理 1065 1070 1 8 1
化学 1088 1090 4 8 1
物理 1091 1092 4 8 1
计网 1113 1116 5 8 1
形式语言 1118 1122 9 8 1
计组 1136 1138 7 8 1
毛概 1143 1148 9 8 1

语文 1183 1185 1 8 1
数学 1185 1187 1 8 1
英语 1188 1192 2 8 1
历史 1210 1212 100 8 1
政治 1214 1215 7 8 1
生物 1215 1216 9 8 1
地理 1233 1238 1 8 1
化学 1256 1258 4 8 1
物理 1259 1260 4 8 1
计网 1281 1284 5 8 1
形式语言 1286 1290 9 8 1
计组 1304 1306 7 8 1
毛概 1311 1316 9 8 1

语文 1351 1353 1 8 1
数学 1353 1355 1 8 1
英语 1356 1360 2 8 1
历史 1378 1380 100 8 1
政治 1382 1383 7 8 1
生物 1383 1384 9 8 1
地理 1401 1406 1 8 1
化学 1424 1426 4 8 1
物理 1427 1428 4 8 1
计网 1449 1452 5 8 1
形式语言 1454 1458 9 8 1
计组 1472 1474 7 8 1
毛概 1479 1484 9 8 1

语文 1519 1521 1 8 1
数学 1521 1523 1 8 1
英语 1524 1528 2 8 1
历史 1546 1548 100 8 1
政治 1550 1551 7 8 1
生物 1551 1552 9 8 1
地理 1569 1574 1 8 1
化学 1592 1594 4 8 1
物理 1595 1596 4 8 1
计网 1617 1620 5 8 1
形式语言 1622 1626 9 8 1
计组 1640 1642 7 8 1
毛概 1647 1652 9 8 1