1 63 95
2 243 95
3 283 95
4 379 95
5 513 95
6 170 106
7 243 106
8 116 134
9 155 134
10 170 134
11 343 125
12 379 125
13 146 164
14 170 164
15 203 164
16 243 164
17 273 150
18 303 150
19 316 150
20 379 150
21 408 150
22 503 150
23 513 150
24 108 178
25 108 203
26 170 203
27 243 203
28 281 203
29 303 203
30 338 203
31 379 203
32 108 232
33 141 232
34 170 232
35 201 232
36 243 232
37 379 232
38 108 264
39 141 264
40 170 264
41 201 264
42 243 259
43 329 259
44 379 259
45 402 259
46 503 259
47 243 302
48 311 302
49 379 302
50 108 343
51 141 343
52 170 343
53 201 343
54 243 343
55 311 343
56 379 343
57 486 343
58 513 343
59 108 387
60 243 387
61 379 387
62 441 387
63 171 402
64 108 427
65 171 427
66 243 427
67 311 427
68 379 427
69 447 427
70 483 427
71 483 440
72 63 472
73 108 472
74 171 472
75 243 472
76 320 472
77 108 510
78 171 510
79 243 510
80 311 510
81 379 510
82 447 510
83 243 548
84 108 587
85 243 587
86 379 587
87 447 587
88 213 621
89 243 621
90 462 621
91 462 682
92 513 682
93 243 713
94 306 713
95 63 745
96 306 745
97 513 745
98 243 150
99 243 264
100 413 427
101 311 531
102 170 180
103 243 180
104 203 180
105 170 386
106 311 402
107 170 548
108 311 548
109 486 390
110 323 203
111 363 203
112 338 190
113 338 214
114 108 548
115 486 302
116 141 178
117 445 302
118 445 302
119 86 387
