1 505 95
2 325 95
3 285 95
4 189 95
5 55 95
6 398 106
7 325 106
8 452 134
9 413 134
10 398 134
11 225 125
12 189 125
13 422 164
14 398 164
15 365 164
16 325 164
17 295 150
18 265 150
19 252 150
20 189 150
21 160 150
22 65 150
23 55 150
24 460 178
25 460 203
26 398 203
27 325 203
28 287 203
29 265 203
30 230 203
31 189 203
32 460 232
33 427 232
34 398 232
35 367 232
36 325 232
37 189 232
38 460 264
39 427 264
40 398 264
41 367 264
42 325 259
43 239 259
44 189 259
45 166 259
46 65 259
47 325 302
48 257 302
49 189 302
50 460 343
51 427 343
52 398 343
53 367 343
54 325 343
55 257 343
56 189 343
57 82 343
58 55 343
59 460 387
60 325 387
61 189 387
62 127 387
63 397 402
64 460 427
65 397 427
66 325 427
67 257 427
68 189 427
69 121 427
70 85 427
71 85 440
72 505 472
73 460 472
74 397 472
75 325 472
76 248 472
77 460 510
78 397 510
79 325 510
80 257 510
81 189 510
82 121 510
83 325 548
84 460 587
85 325 587
86 189 587
87 121 587
88 355 621
89 325 621
90 106 621
91 106 682
92 55 682
93 325 713
94 262 713
95 505 745
96 262 745
97 55 745
98 325 150
99 325 264
100 155 427
101 257 531
102 398 180
103 325 180
104 365 180
105 398 386
106 257 402
107 398 548
108 257 548
109 82 390
110 245 203
111 205 203
112 230 190
113 230 214
114 460 548
115 82 302
116 427 178
117 123 302
118 123 302
119 482 387