吃早饭 7 8 104 101 3 2
午休 12 13 33 101 3 2
吃早饭 31 32 104 101 3 2
午休 36 37 33 101 3 2
吃早饭 55 56 104 101 3 2
午休 60 61 33 101 3 2
吃早饭 79 80 104 101 3 2
午休 84 85 33 101 3 2
吃早饭 103 104 104 101 3 2
午休 108 109 33 101 3 2
吃早饭 127 128 104 101 3 2
午休 132 133 33 101 3 2
打篮球 139 140 49 101 3 3
吃早饭 151 152 104 101 3 2
游泳 155 156 109 101 3 3
午休 156 157 33 101 3 2
吃早饭 175 176 104 101 3 2
午休 180 181 33 101 3 2
吃早饭 199 200 104 101 3 2
午休 204 205 33 101 3 2
吃早饭 223 224 104 101 3 2
午休 228 229 33 101 3 2
吃早饭 247 248 104 101 3 2
午休 252 253 33 101 3 2
吃早饭 271 272 104 101 3 2
午休 276 277 33 101 3 2
吃早饭 295 296 104 101 3 2
午休 300 301 33 101 3 2
打篮球 307 308 49 101 3 3
吃早饭 319 320 104 101 3 2
游泳 323 324 109 101 3 3
午休 324 325 33 101 3 2
吃早饭 343 344 104 101 3 2
午休 348 349 33 101 3 2
吃早饭 367 368 104 101 3 2
午休 372 373 33 101 3 2
吃早饭 391 392 104 101 3 2
午休 396 397 33 101 3 2
吃早饭 415 416 104 101 3 2
午休 420 421 33 101 3 2
吃早饭 439 440 104 101 3 2
午休 444 445 33 101 3 2
吃早饭 463 464 104 101 3 2
午休 468 469 33 101 3 2
打篮球 475 476 49 101 3 3
吃早饭 487 488 104 101 3 2
游泳 491 492 109 101 3 3
午休 492 493 33 101 3 2
吃早饭 511 512 104 101 3 2
午休 516 517 33 101 3 2
吃早饭 535 536 104 101 3 2
午休 540 541 33 101 3 2
吃早饭 559 560 104 101 3 2
午休 564 565 33 101 3 2
吃早饭 583 584 104 101 3 2
午休 588 589 33 101 3 2
吃早饭 607 608 104 101 3 2
午休 612 613 33 101 3 2
吃早饭 631 632 104 101 3 2
午休 636 637 33 101 3 2
打篮球 643 644 49 101 3 3
吃早饭 655 656 104 101 3 2
游泳 659 660 109 101 3 3
午休 660 661 33 101 3 2
吃早饭 679 680 104 101 3 2
午休 684 685 33 101 3 2
吃早饭 703 704 104 101 3 2
午休 708 709 33 101 3 2
吃早饭 727 728 104 101 3 2
午休 732 733 33 101 3 2
吃早饭 751 752 104 101 3 2
午休 756 757 33 101 3 2
吃早饭 775 776 104 101 3 2
午休 780 781 33 101 3 2
吃早饭 799 800 104 101 3 2
午休 804 805 33 101 3 2
打篮球 811 812 49 101 3 3
吃早饭 823 824 104 101 3 2
游泳 827 828 109 101 3 3
午休 828 829 33 101 3 2
吃早饭 847 848 104 101 3 2
午休 852 853 33 101 3 2
吃早饭 871 872 104 101 3 2
午休 876 877 33 101 3 2
吃早饭 895 896 104 101 3 2
午休 900 901 33 101 3 2
吃早饭 919 920 104 101 3 2
午休 924 925 33 101 3 2
吃早饭 943 944 104 101 3 2
午休 948 949 33 101 3 2
吃早饭 967 968 104 101 3 2
午休 972 973 33 101 3 2
打篮球 979 980 49 101 3 3
吃早饭 991 992 104 101 3 2
游泳 995 996 109 101 3 3
午休 996 997 33 101 3 2
吃早饭 1015 1016 104 101 3 2
午休 1020 1021 33 101 3 2
吃早饭 1039 1040 104 101 3 2
午休 1044 1045 33 101 3 2
吃早饭 1063 1064 104 101 3 2
午休 1068 1069 33 101 3 2
吃早饭 1087 1088 104 101 3 2
午休 1092 1093 33 101 3 2
吃早饭 1111 1112 104 101 3 2
午休 1116 1117 33 101 3 2
吃早饭 1135 1136 104 101 3 2
午休 1140 1141 33 101 3 2
打篮球 1147 1148 49 101 3 3
吃早饭 1159 1160 104 101 3 2
游泳 1163 1164 109 101 3 3
午休 1164 1165 33 101 3 2
吃早饭 1183 1184 104 101 3 2
午休 1188 1189 33 101 3 2
吃早饭 1207 1208 104 101 3 2
午休 1212 1213 33 101 3 2
吃早饭 1231 1232 104 101 3 2
午休 1236 1237 33 101 3 2
吃早饭 1255 1256 104 101 3 2
午休 1260 1261 33 101 3 2
吃早饭 1279 1280 104 101 3 2
午休 1284 1285 33 101 3 2
吃早饭 1303 1304 104 101 3 2
午休 1308 1309 33 101 3 2
打篮球 1315 1316 49 101 3 3
吃早饭 1327 1328 104 101 3 2
游泳 1331 1332 109 101 3 3
午休 1332 1333 33 101 3 2
吃早饭 1351 1352 104 101 3 2
午休 1356 1357 33 101 3 2
吃早饭 1375 1376 104 101 3 2
午休 1380 1381 33 101 3 2
吃早饭 1399 1400 104 101 3 2
午休 1404 1405 33 101 3 2
吃早饭 1423 1424 104 101 3 2
午休 1428 1429 33 101 3 2
吃早饭 1447 1448 104 101 3 2
午休 1452 1453 33 101 3 2
吃早饭 1471 1472 104 101 3 2
午休 1476 1477 33 101 3 2
打篮球 1483 1484 49 101 3 3
吃早饭 1495 1496 104 101 3 2
游泳 1499 1500 109 101 3 3
午休 1500 1501 33 101 3 2
吃早饭 1519 1520 104 101 3 2
午休 1524 1525 33 101 3 2
吃早饭 1543 1544 104 101 3 2
午休 1548 1549 33 101 3 2
吃早饭 1567 1568 104 101 3 2
午休 1572 1573 33 101 3 2
吃早饭 1591 1592 104 101 3 2
午休 1596 1597 33 101 3 2
吃早饭 1615 1616 104 101 3 2
午休 1620 1621 33 101 3 2
吃早饭 1639 1640 104 101 3 2
午休 1644 1645 33 101 3 2
打篮球 1651 1652 49 101 3 3
吃早饭 1663 1664 104 101 3 2
游泳 1667 1668 109 101 3 3
午休 1668 1669 33 101 3 2
吃早饭 1687 1688 104 101 3 2
午休 1692 1693 33 101 3 2
吃早饭 1711 1712 104 101 3 2
午休 1716 1717 33 101 3 2
吃早饭 1735 1736 104 101 3 2
午休 1740 1741 33 101 3 2
吃早饭 1759 1760 104 101 3 2
午休 1764 1765 33 101 3 2
吃早饭 1783 1784 104 101 3 2
午休 1788 1789 33 101 3 2
吃早饭 1807 1808 104 101 3 2
午休 1812 1813 33 101 3 2
打篮球 1819 1820 49 101 3 3
吃早饭 1831 1832 104 101 3 2
游泳 1835 1836 109 101 3 3
午休 1836 1837 33 101 3 2
吃早饭 1855 1856 104 101 3 2
午休 1860 1861 33 101 3 2
吃早饭 1879 1880 104 101 3 2
午休 1884 1885 33 101 3 2
吃早饭 1903 1904 104 101 3 2
午休 1908 1909 33 101 3 2
吃早饭 1927 1928 104 101 3 2
午休 1932 1933 33 101 3 2
吃早饭 1951 1952 104 101 3 2
午休 1956 1957 33 101 3 2
吃早饭 1975 1976 104 101 3 2
午休 1980 1981 33 101 3 2
打篮球 1987 1988 49 101 3 3
吃早饭 1999 2000 104 101 3 2
游泳 2003 2004 109 101 3 3
午休 2004 2005 33 101 3 2
吃早饭 2023 2024 104 101 3 2
午休 2028 2029 33 101 3 2
吃早饭 2047 2048 104 101 3 2
午休 2052 2053 33 101 3 2
吃早饭 2071 2072 104 101 3 2
午休 2076 2077 33 101 3 2
吃早饭 2095 2096 104 101 3 2
午休 2100 2101 33 101 3 2
吃早饭 2119 2120 104 101 3 2
午休 2124 2125 33 101 3 2
吃早饭 2143 2144 104 101 3 2
午休 2148 2149 33 101 3 2
打篮球 2155 2156 49 101 3 3
吃早饭 2167 2168 104 101 3 2
游泳 2171 2172 109 101 3 3
午休 2172 2173 33 101 3 2
吃早饭 2191 2192 104 101 3 2
午休 2196 2197 33 101 3 2
吃早饭 2215 2216 104 101 3 2
午休 2220 2221 33 101 3 2
吃早饭 2239 2240 104 101 3 2
午休 2244 2245 33 101 3 2
吃早饭 2263 2264 104 101 3 2
午休 2268 2269 33 101 3 2
吃早饭 2287 2288 104 101 3 2
午休 2292 2293 33 101 3 2
吃早饭 2311 2312 104 101 3 2
午休 2316 2317 33 101 3 2
打篮球 2323 2324 49 101 3 3
吃早饭 2335 2336 104 101 3 2
游泳 2339 2340 109 101 3 3
午休 2340 2341 33 101 3 2
吃早饭 2359 2360 104 101 3 2
午休 2364 2365 33 101 3 2
吃早饭 2383 2384 104 101 3 2
午休 2388 2389 33 101 3 2
吃早饭 2407 2408 104 101 3 2
午休 2412 2413 33 101 3 2
吃早饭 2431 2432 104 101 3 2
午休 2436 2437 33 101 3 2
吃早饭 2455 2456 104 101 3 2
午休 2460 2461 33 101 3 2
吃早饭 2479 2480 104 101 3 2
午休 2484 2485 33 101 3 2
打篮球 2491 2492 49 101 3 3
吃早饭 2503 2504 104 101 3 2
游泳 2507 2508 109 101 3 3
午休 2508 2509 33 101 3 2
吃早饭 2527 2528 104 101 3 2
午休 2532 2533 33 101 3 2
吃早饭 2551 2552 104 101 3 2
午休 2556 2557 33 101 3 2
吃早饭 2575 2576 104 101 3 2
午休 2580 2581 33 101 3 2
吃早饭 2599 2600 104 101 3 2
午休 2604 2605 33 101 3 2
吃早饭 2623 2624 104 101 3 2
午休 2628 2629 33 101 3 2
吃早饭 2647 2648 104 101 3 2
午休 2652 2653 33 101 3 2
打篮球 2659 2660 49 101 3 3
吃早饭 2671 2672 104 101 3 2
游泳 2675 2676 109 101 3 3
午休 2676 2677 33 101 3 2
吃早饭 2695 2696 104 101 3 2
午休 2700 2701 33 101 3 2
吃早饭 2719 2720 104 101 3 2
午休 2724 2725 33 101 3 2
吃早饭 2743 2744 104 101 3 2
午休 2748 2749 33 101 3 2
吃早饭 2767 2768 104 101 3 2
午休 2772 2773 33 101 3 2
吃早饭 2791 2792 104 101 3 2
午休 2796 2797 33 101 3 2
吃早饭 2815 2816 104 101 3 2
午休 2820 2821 33 101 3 2
打篮球 2827 2828 49 101 3 3
吃早饭 2839 2840 104 101 3 2
游泳 2843 2844 109 101 3 3
午休 2844 2845 33 101 3 2
吃早饭 2863 2864 104 101 3 2
午休 2868 2869 33 101 3 2
吃早饭 2887 2888 104 101 3 2
午休 2892 2893 33 101 3 2
吃早饭 2911 2912 104 101 3 2
午休 2916 2917 33 101 3 2
吃早饭 2935 2936 104 101 3 2
午休 2940 2941 33 101 3 2
吃早饭 2959 2960 104 101 3 2
午休 2964 2965 33 101 3 2
吃早饭 2983 2984 104 101 3 2
午休 2988 2989 33 101 3 2
打篮球 2995 2996 49 101 3 3
吃早饭 3007 3008 104 101 3 2
游泳 3011 3012 109 101 3 3
午休 3012 3013 33 101 3 2
吃早饭 3031 3032 104 101 3 2
午休 3036 3037 33 101 3 2
吃早饭 3055 3056 104 101 3 2
午休 3060 3061 33 101 3 2
吃早饭 3079 3080 104 101 3 2
午休 3084 3085 33 101 3 2
吃早饭 3103 3104 104 101 3 2
午休 3108 3109 33 101 3 2
吃早饭 3127 3128 104 101 3 2
午休 3132 3133 33 101 3 2
吃早饭 3151 3152 104 101 3 2
午休 3156 3157 33 101 3 2
打篮球 3163 3164 49 101 3 3
吃早饭 3175 3176 104 101 3 2
游泳 3179 3180 109 101 3 3
午休 3180 3181 33 101 3 2
