取快递 18 19 3 101 4
洗衣服 18 19 33 101 4
购物 18 19 113 101 4
玩原神 19 20 33 101 4
跑步 20 21 71 101 4
上厕所 21 22 33 101 4
取快递 42 43 3 101 4
洗衣服 42 43 33 101 4
购物 42 43 113 101 4
玩原神 43 44 33 101 4
跑步 44 45 71 101 4
上厕所 45 46 33 101 4
农批 63 64 9 101 4
吃爆米花 63 64 9 101 4
取快递 66 67 3 101 4
洗衣服 66 67 33 101 4
购物 66 67 113 101 4
玩原神 67 68 33 101 4
跑步 68 69 71 101 4
上厕所 69 70 33 101 4
取快递 90 91 3 101 4
洗衣服 90 91 33 101 4
购物 90 91 113 101 4
玩原神 91 92 33 101 4
跑步 92 93 71 101 4
上厕所 93 94 33 101 4
取快递 114 115 3 101 4
洗衣服 114 115 33 101 4
购物 114 115 113 101 4
玩原神 115 116 33 101 4
跑步 116 117 71 101 4
上厕所 117 118 33 101 4
取快递 138 139 3 101 4
洗衣服 138 139 33 101 4
购物 138 139 113 101 4
跑步 140 141 71 101 4
上厕所 141 142 33 101 4
取快递 162 163 3 101 4
洗衣服 162 163 33 101 4
购物 162 163 113 101 4
玩原神 163 164 33 101 4
跑步 164 165 71 101 4
上厕所 165 166 33 101 4
取快递 186 187 3 101 4
洗衣服 186 187 33 101 4
购物 186 187 113 101 4
玩原神 187 188 33 101 4
跑步 188 189 71 101 4
上厕所 189 190 33 101 4
取快递 210 211 3 101 4
洗衣服 210 211 33 101 4
购物 210 211 113 101 4
玩原神 211 212 33 101 4
跑步 212 213 71 101 4
上厕所 213 214 33 101 4
取快递 234 235 3 101 4
洗衣服 234 235 33 101 4
购物 234 235 113 101 4
玩原神 235 236 33 101 4
跑步 236 237 71 101 4
上厕所 237 238 33 101 4
取快递 258 259 3 101 4
洗衣服 258 259 33 101 4
购物 258 259 113 101 4
玩原神 259 260 33 101 4
跑步 260 261 71 101 4
上厕所 261 262 33 101 4
取快递 282 283 3 101 4
洗衣服 282 283 33 101 4
购物 282 283 113 101 4
玩原神 283 284 33 101 4
跑步 284 285 71 101 4
上厕所 285 286 33 101 4
取快递 306 307 3 101 4
洗衣服 306 307 33 101 4
购物 306 307 113 101 4
跑步 308 309 71 101 4
上厕所 309 310 33 101 4
取快递 330 331 3 101 4
洗衣服 330 331 33 101 4
购物 330 331 113 101 4
玩原神 331 332 33 101 4
跑步 332 333 71 101 4
上厕所 333 334 33 101 4
取快递 354 355 3 101 4
洗衣服 354 355 33 101 4
购物 354 355 113 101 4
玩原神 355 356 33 101 4
跑步 356 357 71 101 4
上厕所 357 358 33 101 4
取快递 378 379 3 101 4
洗衣服 378 379 33 101 4
购物 378 379 113 101 4
玩原神 379 380 33 101 4
跑步 380 381 71 101 4
上厕所 381 382 33 101 4
取快递 402 403 3 101 4
洗衣服 402 403 33 101 4
购物 402 403 113 101 4
玩原神 403 404 33 101 4
跑步 404 405 71 101 4
上厕所 405 406 33 101 4
取快递 426 427 3 101 4
洗衣服 426 427 33 101 4
购物 426 427 113 101 4
玩原神 427 428 33 101 4
跑步 428 429 71 101 4
上厕所 429 430 33 101 4
取快递 450 451 3 101 4
洗衣服 450 451 33 101 4
购物 450 451 113 101 4
玩原神 451 452 33 101 4
跑步 452 453 71 101 4
上厕所 453 454 33 101 4
取快递 474 475 3 101 4
洗衣服 474 475 33 101 4
购物 474 475 113 101 4
跑步 476 477 71 101 4
上厕所 477 478 33 101 4
取快递 498 499 3 101 4
洗衣服 498 499 33 101 4
购物 498 499 113 101 4
玩原神 499 500 33 101 4
跑步 500 501 71 101 4
上厕所 501 502 33 101 4
取快递 522 523 3 101 4
洗衣服 522 523 33 101 4
购物 522 523 113 101 4
玩原神 523 524 33 101 4
跑步 524 525 71 101 4
上厕所 525 526 33 101 4
取快递 546 547 3 101 4
洗衣服 546 547 33 101 4
购物 546 547 113 101 4
玩原神 547 548 33 101 4
跑步 548 549 71 101 4
上厕所 549 550 33 101 4
取快递 570 571 3 101 4
洗衣服 570 571 33 101 4
购物 570 571 113 101 4
玩原神 571 572 33 101 4
跑步 572 573 71 101 4
上厕所 573 574 33 101 4
取快递 594 595 3 101 4
洗衣服 594 595 33 101 4
购物 594 595 113 101 4
玩原神 595 596 33 101 4
跑步 596 597 71 101 4
上厕所 597 598 33 101 4
取快递 618 619 3 101 4
洗衣服 618 619 33 101 4
购物 618 619 113 101 4
玩原神 619 620 33 101 4
跑步 620 621 71 101 4
上厕所 621 622 33 101 4
取快递 642 643 3 101 4
洗衣服 642 643 33 101 4
购物 642 643 113 101 4
跑步 644 645 71 101 4
上厕所 645 646 33 101 4
取快递 666 667 3 101 4
洗衣服 666 667 33 101 4
购物 666 667 113 101 4
玩原神 667 668 33 101 4
跑步 668 669 71 101 4
上厕所 669 670 33 101 4
取快递 690 691 3 101 4
洗衣服 690 691 33 101 4
购物 690 691 113 101 4
玩原神 691 692 33 101 4
跑步 692 693 71 101 4
上厕所 693 694 33 101 4
取快递 714 715 3 101 4
洗衣服 714 715 33 101 4
购物 714 715 113 101 4
玩原神 715 716 33 101 4
跑步 716 717 71 101 4
上厕所 717 718 33 101 4
取快递 738 739 3 101 4
洗衣服 738 739 33 101 4
购物 738 739 113 101 4
玩原神 739 740 33 101 4
跑步 740 741 71 101 4
上厕所 741 742 33 101 4
取快递 762 763 3 101 4
洗衣服 762 763 33 101 4
购物 762 763 113 101 4
玩原神 763 764 33 101 4
跑步 764 765 71 101 4
上厕所 765 766 33 101 4
取快递 786 787 3 101 4
洗衣服 786 787 33 101 4
购物 786 787 113 101 4
玩原神 787 788 33 101 4
跑步 788 789 71 101 4
上厕所 789 790 33 101 4
取快递 810 811 3 101 4
洗衣服 810 811 33 101 4
购物 810 811 113 101 4
跑步 812 813 71 101 4
上厕所 813 814 33 101 4
取快递 834 835 3 101 4
洗衣服 834 835 33 101 4
购物 834 835 113 101 4
玩原神 835 836 33 101 4
跑步 836 837 71 101 4
上厕所 837 838 33 101 4
取快递 858 859 3 101 4
洗衣服 858 859 33 101 4
购物 858 859 113 101 4
玩原神 859 860 33 101 4
跑步 860 861 71 101 4
上厕所 861 862 33 101 4
取快递 882 883 3 101 4
洗衣服 882 883 33 101 4
购物 882 883 113 101 4
玩原神 883 884 33 101 4
跑步 884 885 71 101 4
上厕所 885 886 33 101 4
取快递 906 907 3 101 4
洗衣服 906 907 33 101 4
购物 906 907 113 101 4
玩原神 907 908 33 101 4
跑步 908 909 71 101 4
上厕所 909 910 33 101 4
取快递 930 931 3 101 4
洗衣服 930 931 33 101 4
购物 930 931 113 101 4
玩原神 931 932 33 101 4
跑步 932 933 71 101 4
上厕所 933 934 33 101 4
取快递 954 955 3 101 4
洗衣服 954 955 33 101 4
购物 954 955 113 101 4
玩原神 955 956 33 101 4
跑步 956 957 71 101 4
上厕所 957 958 33 101 4
取快递 978 979 3 101 4
洗衣服 978 979 33 101 4
购物 978 979 113 101 4
跑步 980 981 71 101 4
上厕所 981 982 33 101 4
取快递 1002 1003 3 101 4
洗衣服 1002 1003 33 101 4
购物 1002 1003 113 101 4
玩原神 1003 1004 33 101 4
跑步 1004 1005 71 101 4
上厕所 1005 1006 33 101 4
取快递 1026 1027 3 101 4
洗衣服 1026 1027 33 101 4
购物 1026 1027 113 101 4
玩原神 1027 1028 33 101 4
跑步 1028 1029 71 101 4
上厕所 1029 1030 33 101 4
取快递 1050 1051 3 101 4
洗衣服 1050 1051 33 101 4
购物 1050 1051 113 101 4
玩原神 1051 1052 33 101 4
跑步 1052 1053 71 101 4
上厕所 1053 1054 33 101 4
取快递 1074 1075 3 101 4
洗衣服 1074 1075 33 101 4
购物 1074 1075 113 101 4
玩原神 1075 1076 33 101 4
跑步 1076 1077 71 101 4
上厕所 1077 1078 33 101 4
取快递 1098 1099 3 101 4
洗衣服 1098 1099 33 101 4
购物 1098 1099 113 101 4
玩原神 1099 1100 33 101 4
跑步 1100 1101 71 101 4
上厕所 1101 1102 33 101 4
取快递 1122 1123 3 101 4
洗衣服 1122 1123 33 101 4
购物 1122 1123 113 101 4
玩原神 1123 1124 33 101 4
跑步 1124 1125 71 101 4
上厕所 1125 1126 33 101 4
取快递 1146 1147 3 101 4
洗衣服 1146 1147 33 101 4
购物 1146 1147 113 101 4
跑步 1148 1149 71 101 4
上厕所 1149 1150 33 101 4
取快递 1170 1171 3 101 4
洗衣服 1170 1171 33 101 4
购物 1170 1171 113 101 4
玩原神 1171 1172 33 101 4
跑步 1172 1173 71 101 4
上厕所 1173 1174 33 101 4
取快递 1194 1195 3 101 4
洗衣服 1194 1195 33 101 4
购物 1194 1195 113 101 4
玩原神 1195 1196 33 101 4
跑步 1196 1197 71 101 4
上厕所 1197 1198 33 101 4
取快递 1218 1219 3 101 4
洗衣服 1218 1219 33 101 4
购物 1218 1219 113 101 4
玩原神 1219 1220 33 101 4
跑步 1220 1221 71 101 4
上厕所 1221 1222 33 101 4
取快递 1242 1243 3 101 4
洗衣服 1242 1243 33 101 4
购物 1242 1243 113 101 4
玩原神 1243 1244 33 101 4
跑步 1244 1245 71 101 4
上厕所 1245 1246 33 101 4
取快递 1266 1267 3 101 4
洗衣服 1266 1267 33 101 4
购物 1266 1267 113 101 4
玩原神 1267 1268 33 101 4
跑步 1268 1269 71 101 4
上厕所 1269 1270 33 101 4
取快递 1290 1291 3 101 4
洗衣服 1290 1291 33 101 4
购物 1290 1291 113 101 4
玩原神 1291 1292 33 101 4
跑步 1292 1293 71 101 4
上厕所 1293 1294 33 101 4
取快递 1314 1315 3 101 4
洗衣服 1314 1315 33 101 4
购物 1314 1315 113 101 4
跑步 1316 1317 71 101 4
上厕所 1317 1318 33 101 4
取快递 1338 1339 3 101 4
洗衣服 1338 1339 33 101 4
购物 1338 1339 113 101 4
玩原神 1339 1340 33 101 4
跑步 1340 1341 71 101 4
上厕所 1341 1342 33 101 4
取快递 1362 1363 3 101 4
洗衣服 1362 1363 33 101 4
购物 1362 1363 113 101 4
玩原神 1363 1364 33 101 4
跑步 1364 1365 71 101 4
上厕所 1365 1366 33 101 4
取快递 1386 1387 3 101 4
洗衣服 1386 1387 33 101 4
购物 1386 1387 113 101 4
玩原神 1387 1388 33 101 4
跑步 1388 1389 71 101 4
上厕所 1389 1390 33 101 4
取快递 1410 1411 3 101 4
洗衣服 1410 1411 33 101 4
购物 1410 1411 113 101 4
玩原神 1411 1412 33 101 4
跑步 1412 1413 71 101 4
上厕所 1413 1414 33 101 4
取快递 1434 1435 3 101 4
洗衣服 1434 1435 33 101 4
购物 1434 1435 113 101 4
玩原神 1435 1436 33 101 4
跑步 1436 1437 71 101 4
上厕所 1437 1438 33 101 4
取快递 1458 1459 3 101 4
洗衣服 1458 1459 33 101 4
购物 1458 1459 113 101 4
玩原神 1459 1460 33 101 4
跑步 1460 1461 71 101 4
上厕所 1461 1462 33 101 4
取快递 1482 1483 3 101 4
洗衣服 1482 1483 33 101 4
购物 1482 1483 113 101 4
跑步 1484 1485 71 101 4
上厕所 1485 1486 33 101 4
取快递 1506 1507 3 101 4
洗衣服 1506 1507 33 101 4
购物 1506 1507 113 101 4
玩原神 1507 1508 33 101 4
跑步 1508 1509 71 101 4
上厕所 1509 1510 33 101 4
取快递 1530 1531 3 101 4
洗衣服 1530 1531 33 101 4
购物 1530 1531 113 101 4
玩原神 1531 1532 33 101 4
跑步 1532 1533 71 101 4
上厕所 1533 1534 33 101 4
取快递 1554 1555 3 101 4
洗衣服 1554 1555 33 101 4
购物 1554 1555 113 101 4
玩原神 1555 1556 33 101 4
跑步 1556 1557 71 101 4
上厕所 1557 1558 33 101 4
取快递 1578 1579 3 101 4
洗衣服 1578 1579 33 101 4
购物 1578 1579 113 101 4
玩原神 1579 1580 33 101 4
跑步 1580 1581 71 101 4
上厕所 1581 1582 33 101 4
取快递 1602 1603 3 101 4
洗衣服 1602 1603 33 101 4
购物 1602 1603 113 101 4
玩原神 1603 1604 33 101 4
跑步 1604 1605 71 101 4
上厕所 1605 1606 33 101 4
取快递 1626 1627 3 101 4
洗衣服 1626 1627 33 101 4
购物 1626 1627 113 101 4
玩原神 1627 1628 33 101 4
跑步 1628 1629 71 101 4
上厕所 1629 1630 33 101 4
取快递 1650 1651 3 101 4
洗衣服 1650 1651 33 101 4
购物 1650 1651 113 101 4
跑步 1652 1653 71 101 4
上厕所 1653 1654 33 101 4
取快递 1674 1675 3 101 4
洗衣服 1674 1675 33 101 4
购物 1674 1675 113 101 4
玩原神 1675 1676 33 101 4
跑步 1676 1677 71 101 4
上厕所 1677 1678 33 101 4
取快递 1698 1699 3 101 4
洗衣服 1698 1699 33 101 4
购物 1698 1699 113 101 4
玩原神 1699 1700 33 101 4
跑步 1700 1701 71 101 4
上厕所 1701 1702 33 101 4
取快递 1722 1723 3 101 4
洗衣服 1722 1723 33 101 4
购物 1722 1723 113 101 4
玩原神 1723 1724 33 101 4
跑步 1724 1725 71 101 4
上厕所 1725 1726 33 101 4
取快递 1746 1747 3 101 4
洗衣服 1746 1747 33 101 4
购物 1746 1747 113 101 4
玩原神 1747 1748 33 101 4
跑步 1748 1749 71 101 4
上厕所 1749 1750 33 101 4
取快递 1770 1771 3 101 4
洗衣服 1770 1771 33 101 4
购物 1770 1771 113 101 4
玩原神 1771 1772 33 101 4
跑步 1772 1773 71 101 4
上厕所 1773 1774 33 101 4
取快递 1794 1795 3 101 4
洗衣服 1794 1795 33 101 4
购物 1794 1795 113 101 4
玩原神 1795 1796 33 101 4
跑步 1796 1797 71 101 4
上厕所 1797 1798 33 101 4
取快递 1818 1819 3 101 4
洗衣服 1818 1819 33 101 4
购物 1818 1819 113 101 4
跑步 1820 1821 71 101 4
上厕所 1821 1822 33 101 4
取快递 1842 1843 3 101 4
洗衣服 1842 1843 33 101 4
购物 1842 1843 113 101 4
玩原神 1843 1844 33 101 4
跑步 1844 1845 71 101 4
上厕所 1845 1846 33 101 4
取快递 1866 1867 3 101 4
洗衣服 1866 1867 33 101 4
购物 1866 1867 113 101 4
玩原神 1867 1868 33 101 4
跑步 1868 1869 71 101 4
上厕所 1869 1870 33 101 4
取快递 1890 1891 3 101 4
洗衣服 1890 1891 33 101 4
购物 1890 1891 113 101 4
玩原神 1891 1892 33 101 4
跑步 1892 1893 71 101 4
上厕所 1893 1894 33 101 4
取快递 1914 1915 3 101 4
洗衣服 1914 1915 33 101 4
购物 1914 1915 113 101 4
玩原神 1915 1916 33 101 4
跑步 1916 1917 71 101 4
上厕所 1917 1918 33 101 4
取快递 1938 1939 3 101 4
洗衣服 1938 1939 33 101 4
购物 1938 1939 113 101 4
玩原神 1939 1940 33 101 4
跑步 1940 1941 71 101 4
上厕所 1941 1942 33 101 4
取快递 1962 1963 3 101 4
洗衣服 1962 1963 33 101 4
购物 1962 1963 113 101 4
玩原神 1963 1964 33 101 4
跑步 1964 1965 71 101 4
上厕所 1965 1966 33 101 4
取快递 1986 1987 3 101 4
洗衣服 1986 1987 33 101 4
购物 1986 1987 113 101 4
跑步 1988 1989 71 101 4
上厕所 1989 1990 33 101 4
取快递 2010 2011 3 101 4
洗衣服 2010 2011 33 101 4
购物 2010 2011 113 101 4
玩原神 2011 2012 33 101 4
跑步 2012 2013 71 101 4
上厕所 2013 2014 33 101 4
取快递 2034 2035 3 101 4
洗衣服 2034 2035 33 101 4
购物 2034 2035 113 101 4
玩原神 2035 2036 33 101 4
跑步 2036 2037 71 101 4
上厕所 2037 2038 33 101 4
取快递 2058 2059 3 101 4
洗衣服 2058 2059 33 101 4
购物 2058 2059 113 101 4
玩原神 2059 2060 33 101 4
跑步 2060 2061 71 101 4
上厕所 2061 2062 33 101 4
取快递 2082 2083 3 101 4
洗衣服 2082 2083 33 101 4
购物 2082 2083 113 101 4
玩原神 2083 2084 33 101 4
跑步 2084 2085 71 101 4
上厕所 2085 2086 33 101 4
取快递 2106 2107 3 101 4
洗衣服 2106 2107 33 101 4
购物 2106 2107 113 101 4
玩原神 2107 2108 33 101 4
跑步 2108 2109 71 101 4
上厕所 2109 2110 33 101 4
取快递 2130 2131 3 101 4
洗衣服 2130 2131 33 101 4
购物 2130 2131 113 101 4
玩原神 2131 2132 33 101 4
跑步 2132 2133 71 101 4
上厕所 2133 2134 33 101 4
取快递 2154 2155 3 101 4
洗衣服 2154 2155 33 101 4
购物 2154 2155 113 101 4
跑步 2156 2157 71 101 4
上厕所 2157 2158 33 101 4
取快递 2178 2179 3 101 4
洗衣服 2178 2179 33 101 4
购物 2178 2179 113 101 4
玩原神 2179 2180 33 101 4
跑步 2180 2181 71 101 4
上厕所 2181 2182 33 101 4
取快递 2202 2203 3 101 4
洗衣服 2202 2203 33 101 4
购物 2202 2203 113 101 4
玩原神 2203 2204 33 101 4
跑步 2204 2205 71 101 4
上厕所 2205 2206 33 101 4
取快递 2226 2227 3 101 4
洗衣服 2226 2227 33 101 4
购物 2226 2227 113 101 4
玩原神 2227 2228 33 101 4
跑步 2228 2229 71 101 4
上厕所 2229 2230 33 101 4
取快递 2250 2251 3 101 4
洗衣服 2250 2251 33 101 4
购物 2250 2251 113 101 4
玩原神 2251 2252 33 101 4
跑步 2252 2253 71 101 4
上厕所 2253 2254 33 101 4
取快递 2274 2275 3 101 4
洗衣服 2274 2275 33 101 4
购物 2274 2275 113 101 4
玩原神 2275 2276 33 101 4
跑步 2276 2277 71 101 4
上厕所 2277 2278 33 101 4
取快递 2298 2299 3 101 4
洗衣服 2298 2299 33 101 4
购物 2298 2299 113 101 4
玩原神 2299 2300 33 101 4
跑步 2300 2301 71 101 4
上厕所 2301 2302 33 101 4
取快递 2322 2323 3 101 4
洗衣服 2322 2323 33 101 4
购物 2322 2323 113 101 4
跑步 2324 2325 71 101 4
上厕所 2325 2326 33 101 4
取快递 2346 2347 3 101 4
洗衣服 2346 2347 33 101 4
购物 2346 2347 113 101 4
玩原神 2347 2348 33 101 4
跑步 2348 2349 71 101 4
上厕所 2349 2350 33 101 4
取快递 2370 2371 3 101 4
洗衣服 2370 2371 33 101 4
购物 2370 2371 113 101 4
玩原神 2371 2372 33 101 4
跑步 2372 2373 71 101 4
上厕所 2373 2374 33 101 4
取快递 2394 2395 3 101 4
洗衣服 2394 2395 33 101 4
购物 2394 2395 113 101 4
玩原神 2395 2396 33 101 4
跑步 2396 2397 71 101 4
上厕所 2397 2398 33 101 4
取快递 2418 2419 3 101 4
洗衣服 2418 2419 33 101 4
购物 2418 2419 113 101 4
玩原神 2419 2420 33 101 4
跑步 2420 2421 71 101 4
上厕所 2421 2422 33 101 4
取快递 2442 2443 3 101 4
洗衣服 2442 2443 33 101 4
购物 2442 2443 113 101 4
玩原神 2443 2444 33 101 4
跑步 2444 2445 71 101 4
上厕所 2445 2446 33 101 4
取快递 2466 2467 3 101 4
洗衣服 2466 2467 33 101 4
购物 2466 2467 113 101 4
玩原神 2467 2468 33 101 4
跑步 2468 2469 71 101 4
上厕所 2469 2470 33 101 4
取快递 2490 2491 3 101 4
洗衣服 2490 2491 33 101 4
购物 2490 2491 113 101 4
跑步 2492 2493 71 101 4
上厕所 2493 2494 33 101 4
取快递 2514 2515 3 101 4
洗衣服 2514 2515 33 101 4
购物 2514 2515 113 101 4
玩原神 2515 2516 33 101 4
跑步 2516 2517 71 101 4
上厕所 2517 2518 33 101 4
取快递 2538 2539 3 101 4
洗衣服 2538 2539 33 101 4
购物 2538 2539 113 101 4
玩原神 2539 2540 33 101 4
跑步 2540 2541 71 101 4
上厕所 2541 2542 33 101 4
取快递 2562 2563 3 101 4
洗衣服 2562 2563 33 101 4
购物 2562 2563 113 101 4
玩原神 2563 2564 33 101 4
跑步 2564 2565 71 101 4
上厕所 2565 2566 33 101 4
取快递 2586 2587 3 101 4
洗衣服 2586 2587 33 101 4
购物 2586 2587 113 101 4
玩原神 2587 2588 33 101 4
跑步 2588 2589 71 101 4
上厕所 2589 2590 33 101 4
取快递 2610 2611 3 101 4
洗衣服 2610 2611 33 101 4
购物 2610 2611 113 101 4
玩原神 2611 2612 33 101 4
跑步 2612 2613 71 101 4
上厕所 2613 2614 33 101 4
取快递 2634 2635 3 101 4
洗衣服 2634 2635 33 101 4
购物 2634 2635 113 101 4
玩原神 2635 2636 33 101 4
跑步 2636 2637 71 101 4
上厕所 2637 2638 33 101 4
取快递 2658 2659 3 101 4
洗衣服 2658 2659 33 101 4
购物 2658 2659 113 101 4
跑步 2660 2661 71 101 4
上厕所 2661 2662 33 101 4
取快递 2682 2683 3 101 4
洗衣服 2682 2683 33 101 4
购物 2682 2683 113 101 4
玩原神 2683 2684 33 101 4
跑步 2684 2685 71 101 4
上厕所 2685 2686 33 101 4
取快递 2706 2707 3 101 4
洗衣服 2706 2707 33 101 4
购物 2706 2707 113 101 4
玩原神 2707 2708 33 101 4
跑步 2708 2709 71 101 4
上厕所 2709 2710 33 101 4
取快递 2730 2731 3 101 4
洗衣服 2730 2731 33 101 4
购物 2730 2731 113 101 4
玩原神 2731 2732 33 101 4
跑步 2732 2733 71 101 4
上厕所 2733 2734 33 101 4
取快递 2754 2755 3 101 4
洗衣服 2754 2755 33 101 4
购物 2754 2755 113 101 4
玩原神 2755 2756 33 101 4
跑步 2756 2757 71 101 4
上厕所 2757 2758 33 101 4
取快递 2778 2779 3 101 4
洗衣服 2778 2779 33 101 4
购物 2778 2779 113 101 4
玩原神 2779 2780 33 101 4
跑步 2780 2781 71 101 4
上厕所 2781 2782 33 101 4
取快递 2802 2803 3 101 4
洗衣服 2802 2803 33 101 4
购物 2802 2803 113 101 4
玩原神 2803 2804 33 101 4
跑步 2804 2805 71 101 4
上厕所 2805 2806 33 101 4
取快递 2826 2827 3 101 4
洗衣服 2826 2827 33 101 4
购物 2826 2827 113 101 4
跑步 2828 2829 71 101 4
上厕所 2829 2830 33 101 4
取快递 2850 2851 3 101 4
洗衣服 2850 2851 33 101 4
购物 2850 2851 113 101 4
玩原神 2851 2852 33 101 4
跑步 2852 2853 71 101 4
上厕所 2853 2854 33 101 4
取快递 2874 2875 3 101 4
洗衣服 2874 2875 33 101 4
购物 2874 2875 113 101 4
玩原神 2875 2876 33 101 4
跑步 2876 2877 71 101 4
上厕所 2877 2878 33 101 4
取快递 2898 2899 3 101 4
洗衣服 2898 2899 33 101 4
购物 2898 2899 113 101 4
玩原神 2899 2900 33 101 4
跑步 2900 2901 71 101 4
上厕所 2901 2902 33 101 4
取快递 2922 2923 3 101 4
洗衣服 2922 2923 33 101 4
购物 2922 2923 113 101 4
玩原神 2923 2924 33 101 4
跑步 2924 2925 71 101 4
上厕所 2925 2926 33 101 4
取快递 2946 2947 3 101 4
洗衣服 2946 2947 33 101 4
购物 2946 2947 113 101 4
玩原神 2947 2948 33 101 4
跑步 2948 2949 71 101 4
上厕所 2949 2950 33 101 4
取快递 2970 2971 3 101 4
洗衣服 2970 2971 33 101 4
购物 2970 2971 113 101 4
玩原神 2971 2972 33 101 4
跑步 2972 2973 71 101 4
上厕所 2973 2974 33 101 4
取快递 2994 2995 3 101 4
洗衣服 2994 2995 33 101 4
购物 2994 2995 113 101 4
跑步 2996 2997 71 101 4
上厕所 2997 2998 33 101 4
取快递 3018 3019 3 101 4
洗衣服 3018 3019 33 101 4
购物 3018 3019 113 101 4
玩原神 3019 3020 33 101 4
跑步 3020 3021 71 101 4
上厕所 3021 3022 33 101 4
取快递 3042 3043 3 101 4
洗衣服 3042 3043 33 101 4
购物 3042 3043 113 101 4
玩原神 3043 3044 33 101 4
跑步 3044 3045 71 101 4
上厕所 3045 3046 33 101 4
test1 3069 3070 39 101 4
test2 3069 3070 82 101 4
test3 3069 3070 100 101 4
test4 3069 3070 89 101 4
test5 3069 3070 116 101 4
test6 3069 3070 6 101 4
test7 3069 3070 106 101 4
test8 3069 3070 3 101 4
test9 3069 3070 84 101 4
test10 3069 3070 72 101 4
test11 3069 3070 91 101 4
test12 3069 3070 101 101 4
test13 3069 3070 96 101 4
test14 3069 3070 113 101 4
test15 3069 3070 57 101 4
test16 3069 3070 48 101 4
test17 3069 3070 49 101 4
test18 3069 3070 76 101 4
