午休 12 13 13 106 3 2
午休 36 37 13 106 3 2
午休 60 61 13 106 3 2
午休 84 85 13 106 3 2
午休 108 109 13 106 3 2
午休 132 133 13 106 3 2
午休 156 157 13 106 3 2
午休 180 181 13 106 3 2
午休 204 205 13 106 3 2
午休 228 229 13 106 3 2
午休 252 253 13 106 3 2
午休 276 277 13 106 3 2
午休 300 301 13 106 3 2
午休 324 325 13 106 3 2
午休 348 349 13 106 3 2
午休 372 373 13 106 3 2
午休 396 397 13 106 3 2
午休 420 421 13 106 3 2
午休 444 445 13 106 3 2
午休 468 469 13 106 3 2
午休 492 493 13 106 3 2
午休 516 517 13 106 3 2
午休 540 541 13 106 3 2
午休 564 565 13 106 3 2
午休 588 589 13 106 3 2
午休 612 613 13 106 3 2
午休 636 637 13 106 3 2
午休 660 661 13 106 3 2
午休 684 685 13 106 3 2
午休 708 709 13 106 3 2
午休 732 733 13 106 3 2
午休 756 757 13 106 3 2
午休 780 781 13 106 3 2
午休 804 805 13 106 3 2
午休 828 829 13 106 3 2
午休 852 853 13 106 3 2
午休 876 877 13 106 3 2
午休 900 901 13 106 3 2
午休 924 925 13 106 3 2
午休 948 949 13 106 3 2
午休 972 973 13 106 3 2
午休 996 997 13 106 3 2
午休 1020 1021 13 106 3 2
午休 1044 1045 13 106 3 2
午休 1068 1069 13 106 3 2
午休 1092 1093 13 106 3 2
午休 1116 1117 13 106 3 2
午休 1140 1141 13 106 3 2
午休 1164 1165 13 106 3 2
午休 1188 1189 13 106 3 2
午休 1212 1213 13 106 3 2
午休 1236 1237 13 106 3 2
午休 1260 1261 13 106 3 2
午休 1284 1285 13 106 3 2
午休 1308 1309 13 106 3 2
午休 1332 1333 13 106 3 2
午休 1356 1357 13 106 3 2
午休 1380 1381 13 106 3 2
午休 1404 1405 13 106 3 2
午休 1428 1429 13 106 3 2
午休 1452 1453 13 106 3 2
午休 1476 1477 13 106 3 2
午休 1500 1501 13 106 3 2
午休 1524 1525 13 106 3 2
午休 1548 1549 13 106 3 2
午休 1572 1573 13 106 3 2
午休 1596 1597 13 106 3 2
午休 1620 1621 13 106 3 2
午休 1644 1645 13 106 3 2
午休 1668 1669 13 106 3 2
午休 1692 1693 13 106 3 2
午休 1716 1717 13 106 3 2
午休 1740 1741 13 106 3 2
午休 1764 1765 13 106 3 2
午休 1788 1789 13 106 3 2
午休 1812 1813 13 106 3 2
午休 1836 1837 13 106 3 2
午休 1860 1861 13 106 3 2
午休 1884 1885 13 106 3 2
午休 1908 1909 13 106 3 2
午休 1932 1933 13 106 3 2
午休 1956 1957 13 106 3 2
午休 1980 1981 13 106 3 2
午休 2004 2005 13 106 3 2
午休 2028 2029 13 106 3 2
午休 2052 2053 13 106 3 2
午休 2076 2077 13 106 3 2
午休 2100 2101 13 106 3 2
午休 2124 2125 13 106 3 2
午休 2148 2149 13 106 3 2
午休 2172 2173 13 106 3 2
午休 2196 2197 13 106 3 2
午休 2220 2221 13 106 3 2
午休 2244 2245 13 106 3 2
午休 2268 2269 13 106 3 2
午休 2292 2293 13 106 3 2
午休 2316 2317 13 106 3 2
午休 2340 2341 13 106 3 2
午休 2364 2365 13 106 3 2
午休 2388 2389 13 106 3 2
午休 2412 2413 13 106 3 2
午休 2436 2437 13 106 3 2
午休 2460 2461 13 106 3 2
午休 2484 2485 13 106 3 2
午休 2508 2509 13 106 3 2
午休 2532 2533 13 106 3 2
午休 2556 2557 13 106 3 2
午休 2580 2581 13 106 3 2
午休 2604 2605 13 106 3 2
午休 2628 2629 13 106 3 2
午休 2652 2653 13 106 3 2
午休 2676 2677 13 106 3 2
午休 2700 2701 13 106 3 2
午休 2724 2725 13 106 3 2
午休 2748 2749 13 106 3 2
午休 2772 2773 13 106 3 2
午休 2796 2797 13 106 3 2
午休 2820 2821 13 106 3 2
午休 2844 2845 13 106 3 2
午休 2868 2869 13 106 3 2
午休 2892 2893 13 106 3 2
午休 2916 2917 13 106 3 2
午休 2940 2941 13 106 3 2
午休 2964 2965 13 106 3 2
午休 2988 2989 13 106 3 2
午休 3012 3013 13 106 3 2
午休 3036 3037 13 106 3 2
午休 3060 3061 13 106 3 2
午休 3084 3085 13 106 3 2
午休 3108 3109 13 106 3 2
午休 3132 3133 13 106 3 2
午休 3156 3157 13 106 3 2
午休 3180 3181 13 106 3 2
