训练赛 61 62 76 8 2 0
听讲座 82 83 100 8 2 0
团建 160 161 72 8 2 0
团课 209 210 107 8 2 0
听讲座 250 251 100 8 2 0
团建 328 329 72 8 2 0
团日活动 377 378 108 8 2 0
团建 496 497 72 8 2 0
团课 545 546 107 8 2 0
听讲座 586 587 100 8 2 0
团建 664 665 72 8 2 0
团日活动 713 714 108 8 2 0
军训 733 734 71 8 2 0
听讲座 754 755 100 8 2 0
军训 805 806 71 8 2 0
秋之韵 829 830 100 8 2 0
团建 832 833 72 8 2 0
团课 881 882 107 8 2 0
军训 901 902 71 8 2 0
听讲座 922 923 100 8 2 0
军训 973 974 71 8 2 0
团建 1000 1001 72 8 2 0
团日活动 1049 1050 108 8 2 0
军训 1069 1070 71 8 2 0
听讲座 1090 1091 100 8 2 0
军训 1141 1142 71 8 2 0
团建 1168 1169 72 8 2 0
团课 1217 1218 107 8 2 0
军训 1237 1238 71 8 2 0
听讲座 1258 1259 100 8 2 0
军训 1309 1310 71 8 2 0
团建 1336 1337 72 8 2 0
团日活动 1385 1386 108 8 2 0
军训 1405 1406 71 8 2 0
听讲座 1426 1427 100 8 2 0
军训 1477 1478 71 8 2 0
团建 1504 1505 72 8 2 0
团课 1553 1554 107 8 2 0
军训 1573 1574 71 8 2 0
听讲座 1594 1595 100 8 2 0
军训 1645 1646 71 8 2 0
团建 1672 1673 72 8 2 0
团日活动 1721 1722 108 8 2 0
军训 1741 1742 71 8 2 0
听讲座 1762 1763 100 8 2 0
军训 1813 1814 71 8 2 0
团建 1840 1841 72 8 2 0
团课 1889 1890 107 8 2 0
军训 1909 1910 71 8 2 0
听讲座 1930 1931 100 8 2 0
军训 1981 1982 71 8 2 0
团建 2008 2009 72 8 2 0
团日活动 2057 2058 108 8 2 0
军训 2077 2078 71 8 2 0
听讲座 2098 2099 100 8 2 0
军训 2149 2150 71 8 2 0
团建 2176 2177 72 8 2 0
团课 2225 2226 107 8 2 0
听讲座 2266 2267 100 8 2 0
团建 2344 2345 72 8 2 0
听讲座 2434 2435 100 8 2 0
团建 2512 2513 72 8 2 0
听讲座 2602 2603 100 8 2 0
团建 2680 2681 72 8 2 0
听讲座 2770 2771 100 8 2 0
