7
3 3031 3032 吃早饭 104 2
3 3036 3037 午休 33 2
1 3038 3040 公众英语表达与沟通_考试 8 107
4 3042 3043 3 取快递 3 洗衣服 33 购物 113 
4 3043 3044 1 玩原神 33 
4 3044 3045 1 跑步 71 
4 3045 3046 1 上厕所 33 
5
3 3055 3056 吃早饭 104 2
1 3059 3060 形势与政策_考试 8 106
3 3060 3061 午休 33 2
1 3061 3063 毛概__考试 8 107
1 3063 3065 计算机网络_考试 8 108
3
3 3079 3080 吃早饭 104 2
1 3080 3083 体育_考试 8 71
3 3084 3085 午休 33 2
4
3 3103 3104 吃早饭 104 2
1 3104 3106 习思想_考试 8 107
3 3108 3109 午休 33 2
1 3111 3114 计算机组成原理_考试 8 107
4
3 3127 3128 吃早饭 104 2
1 3128 3130 形式语言与自动机_考试 8 107
1 3130 3132 计算机导论_考试 8 107
3 3132 3133 午休 33 2
3
3 3151 3152 吃早饭 104 2
3 3156 3157 午休 33 2
3 3163 3164 打篮球 49 3
3
3 3175 3176 吃早饭 104 2
3 3179 3180 游泳 109 3
3 3180 3181 午休 33 2
