20
公众英语表达与沟通_考试 14 16 107 8 1 1 19
公众英语表达与沟通 14 16 107 8 2 18 1-18
形式与政策 32 34 107 8 2 3 8-10
形势与政策_考试 35 36 106 8 1 1 19
毛概__考试 37 39 107 8 1 1 19
毛概 37 39 105 8 2 18 1-18
计算机网络 39 41 107 8 2 18 1-18
计算机网络_考试 39 41 108 8 1 1 19
体育 56 59 107 8 2 18 1-18
体育_考试 56 59 71 8 1 1 19
习思想 80 82 107 8 2 18 1-18
习思想_考试 80 82 107 8 1 1 19
计算机组成原理 87 90 107 8 2 18 1-18
计算机组成原理_考试 87 90 107 8 1 1 19
形式语言与自动机_考试 104 106 107 8 1 1 19
形式语言与自动机 104 106 107 8 2 18 1-18
计算机导论 106 108 107 8 2 18 1-18
计算机导论_考试 106 108 107 8 1 1 19
面向对象程序设计实践（C++） 111 114 107 8 2 18 1-18
test1 128 130 106 8 2 18 1-18
